Float  : 3.1415927410
Double : 3.1415926535
